-0.14074671400669694,0.03615538635099271,0.31797528695445443,-0.6281149972065325,0.33472993602474815,0.826833051980449,-0.21559432419265173,1.5945552952329425,1.1489312120361637,1.3691234178871394,0.2169068225568902,1.35340901482408,-0.5540723101827493,-0.45246189888971594,-0.3398762588417405,0.7845912922483789
-0.4119465994513219,0.28837768367752503,0.41613451292433157,0.050565950825639604,-0.22864481882389487
-0.585079727318821,-0.13903260977126755,0.2454429458635131,0.514866962694553,-0.4009215359708249
-0.42155656457393664,-0.479828723418507,-0.4145365118632631,-0.24070092246712785,0.29223211667094334
-0.47056297358003774,-0.28410985408508527,-0.09609245140197342,0.16776103439889808,-0.32456890443909797
-0.4734364729430642,-0.54356250120218,-0.12443785952697488,0.20902782044816165,0.020421291562430423
-0.48415963073737783,-0.40358737573379894,-0.04271726381853044,-0.050155857402667536,0.05293681511011957
-0.2241293783723216,-0.17075193719568413,-0.20558796458602707,0.2736966681991214,-0.34408140594905395
0.10897511799933754,-0.2961989550462924,-0.12420824237144201,0.22462055038936984,-0.16469835038589425
-0.023951861278958635,0.23641088070229835,0.18201701943465465,0.07610984909296926,-0.25798314227570507
-0.695295248855784,-0.059213988652894546,-0.3493627092288238,-0.20031018457306202,-0.6426829079712307
-0.6317986548796619,-0.1321544132928207,-0.0075892582429562165,-0.4036015286368239,-0.03875814683725245
-0.11596704042589977,-0.26614248303766747,0.2530827764615547,-0.24305814388718433,-0.03251399275393017
-0.09091976067976061,0.059991977152520096,-0.14081444058730036,0.04491999940914417,0.15905612412714884
-0.07790213600803411,-0.01922755586958746,-0.3673585575263593,-0.22775209893302292,-0.29532256368737225
-0.6800472089554791,-0.3008297437487724,0.009605718219979392,-0.23562652728647626,-0.1008441535567608
-0.0871250277498784,0.11931535550590708,0.35900254556114386,0.18156853444517726,-1.1412210801357903
-0.45811305053357376,-0.11665082797664177,0.6139955874973423,0.4044154550632998,-0.9578709957895347
-0.026686493049000497,0.41529913453637046,0.06167729401244657,-0.01417694476332906,-0.8139499781986437
-0.070207387239274,0.2705019812810914,0.10385409353326672,-0.4798807169513883,0.40516297467373635
0.5780264240716174,0.6753274096878318,0.10100409357358771,0.8076093285713049,0.741433478090377
-0.28280124054454897,-0.33838411117718376,-0.14500401837844898,-0.07900741915870607,-0.40660483096059624
-0.3753361333903046,0.06145534474287585,-0.3036221495656095,0.14251868245736884,-0.11156606815836619
-0.2879548987207235,-0.37376937173940417,0.13534676681431282,-0.35514027565472966,-0.4407513260465429
-0.4526552256476268,0.10243599315415897,0.013450320869658073,-0.09028534152180283,-0.3151817852549905
-0.2804415497291101,-0.19246464704977942,-0.03721661800349414,-0.10354120791778161,-0.22164035934087925
-1.3910050750460556,-0.26426999416456526,0.20327426521802391,0.502214081981515,-0.1591613557512872
0.4116262516518539,-0.7321876793438302,-0.35444752219980724,0.2864024767067048,0.1632999884268377
-0.19985269338673967,0.4500491969344783,0.3862583404675181,0.14074515934403498,0.5583919120324877
-0.5686853636432584,0.11531707552093524,-0.020088484983364116,-0.46201380621119487,0.6485944789256668
-1.7389650094548301,0.7963383394621791,-0.5198816234418584,0.0815280106607835,0.11890918896022168
0.041362079441326374,0.20645973684740895,0.06698618903977294,-0.22104117194163506,-0.041868627587541556
-0.31863185256755755,0.43165202937427166,0.11705477066535828,-0.4561596180957102,-0.19215983611320148
-0.027740764932185306,0.3501952290369423,-0.09814108474843118,2.839627313690159E-4,-0.12474093319313785
-0.21807367846383297,-0.19946962917212419,0.08927147620277383,-0.37408362583923804,-0.4773032682583598
0.1391423735938082,-0.06293585778136405,0.22190684154081086,-0.05580067193402251,-0.41365527021939463
-0.009180846509254806,-0.262556357036536,0.09162536029185786,-0.4085615711349224,-0.5132287519979793
-0.17448116455981494,-0.21209894004861732,0.17896417700240339,-0.32456391761832837,0.1412676605352941
-0.22619292740216473,0.17929625301516078,-0.10768195813904197,-0.17597984628577712,-0.03282340242749722
0.06141353150978651,-0.013639946483537458,0.28646598403798856,0.28248273525246176,0.011448652005654638
-0.2664398959708807,-0.16142201330769287,-0.07051152174178386,-0.37400967344773056,-0.40292633139785394
0.012044760329129824,-0.34599044601341034,-0.26517495375338757,-0.3529045923226719,-0.28250862809200195
0.16286255017821302,-0.019850762475641014,0.1735325867437719,-0.10595160992585519,-0.04561039270416636
-0.39492375575980193,-0.1872215540889869,0.267780307846415,-0.04409812323109884,-0.1505503423599636
-0.4263092204522247,-0.10206383092006094,-0.10023052668546924,0.1197350363118655,-0.027644415473358996
-0.18173993982020725,-0.041535957287162216,-0.36462215680943755,-0.2122530434069053,-0.269009091128589
-0.15587222928584948,-0.08267461860545429,0.18498702683800536,0.8269260448610803,1.9399918697215706
-0.38730493515626174,0.590895068401775,-0.4063130990011165,0.33585463725693016,0.36508430935287206
-0.00432048906013693,-0.3008153334553957,-0.04153681536372338,-0.1576697895037768,0.21945745723320817
0.6295632806302708,-0.3469782332287245,-0.41254977524305636,-0.07795017906564371,-0.05013523976037683
-0.33378557396697506,-0.8039141406934509,-0.7127077163352872,-0.36307899703488766,-0.005640165512589264
-0.6137279085423467,-0.0827667683428526,-0.022867349803235553,-0.2909214989293521,-0.25078906957637065
-0.15328204500952192,-0.13496239841127197,-0.29424148467253675,-0.2184153440886857,-0.012425710580896449
-0.2232162739905793,-0.054551266387119164,0.026854878378692663,0.048408819746126396,-0.4482061135009576
-0.27161992261104195,0.23602134394156304,0.1688884132748976,0.16036783330338128,-0.017129117469350943
-0.14542592330587759,-0.0685815900791412,-0.3456262949051727,-0.05349658130982744,-0.5676976722883649
-0.08263078273168613,-0.6968611804512186,0.3021201725985128,-1.0715132122355882,-0.9299402799368907
0.012630342309874925,0.7066062596208817,-0.32966509713436526,0.5034291049311089,-0.7541849500330529
-0.16123048308639287,-0.2385397746102306,0.09433775008668875,0.19123158188662534,0.26347343613573354
1.5075662927351705,-0.43872058001587455,-0.2689397263991844,0.4572908910193949,0.497291931997821
1.8690055633971465,-0.047134097507434775,-0.5307340473688007,-0.4703112760980862,-0.10739234301402165
-0.06594031755444894,0.2814224638696831,-0.5499767284736954,0.32965915963655934,-0.39349658859353126
0.12281326600922465,-0.3879946911433823,0.3731178314413056,0.1601650631799273,0.31530649976257125
0.2956972717166501,-0.388164546842496,-0.14233143993243996,0.6580613840496744,-0.0482981202022685
-0.1435498988977844,-0.2551775000374378,0.08371345863099228,0.3694909397866961,0.22147834464499835
-0.6790786455510354,-0.19548021397552054,0.22609193486530935,-0.06844942763690029,-0.7727025622662876
-0.595670038201923,-0.2763565404852346,-0.07351956776778046,0.19935903855973228,-0.548202863418788
0.055073046485810816,-0.08578975520905269,-0.151753217338152,0.16914695609573815,-0.343295924229005
-0.390636946053085,-0.08982597740297836,0.1960444570632846,-0.05477431285080047,7.856290951961423E-5
-0.20600958236549155,-0.12491157649701284,0.0647427828485829,-0.048389521954200064,0.15348091383796092
-0.6637799648029455,-0.04749949223217595,-0.32994374181782926,-0.3603613643208618,-0.1959207365696077
-0.05884746089126576,0.05628274775100284,0.10312437985496484,0.1474786972840399,-0.16402355903503946
0.009046538741639331,-0.20220403698503664,-0.26688722986206503,-0.00822966162548284,-0.28238394508643355
-0.39983430712977114,-0.06588136185409203,-0.32570258749980274,0.07135661419975928,-0.1782695569211819
-0.14976707191422478,0.1307295604460692,-0.3413006868749013,0.17710719479034584,-0.38598318717316055
-0.5727438641576472,-0.2950747957688664,-0.2881902840782953,-0.30017184109274037,-0.4693659821351914
0.1660699599778841,-0.1964946716296273,-0.7621739609701768,-0.21612933385347996,-0.9889170728149086
-0.2798021332319777,-0.25418388245559964,0.5985269403157107,0.08459385823015836,0.01657903659917911
0.29767735121958916,0.013521608598179255,-0.14256883944680038,0.17261451523456983,0.29627339837552863
0.11470016806776058,0.35656494824074786,0.7417575134467328,0.23405039949291315,-0.0303248964943209
-0.20230009582203023,-0.7415667482381566,0.63824437075932,0.4597237194163453,-0.563843374080911
-0.24389489404831602,-0.3807873739998008,-0.38644270687755927,-0.035416906092879424,-0.5230934195417586
-0.44457956147298283,0.08613847255007681,0.0840252744797984,-0.4021550783129928,-0.014180857480091642
-0.25093803793593544,-0.3263241234756691,-0.2832487495208862,0.11356061894714248,-0.18949202921124866
-0.2067707198849896,-0.00407851018466272,0.15586638991637297,-0.15857882814504662,-0.2305804798481631
-0.32735446700083004,-0.3849875295440207,-0.21363058162666354,-0.27784383653909067,-0.23536598964580713
0.8450347697271293,-0.4192487089309725,1.2396721943538664,0.44242954421486763,-0.7918275756495785
0.23913787500225833,0.4916501889503407,-0.733854932957441,0.03235478515930239,-0.25954281910293553
0.4236065039439915,0.034680627899084875,0.459798259122536,-0.565818187392992,0.3526761516688049
-0.564521003345995,-0.8859661610834757,0.8297927095552817,0.5142089850239371,-0.5671136983770819
1.173464040450901,-0.8445613764959996,0.8643704362296999,-0.26976419360452314,-0.37649185945749375
-0.131493729084751,0.14001847655387747,-0.3621349455392536,-0.1547443193910346,-0.41411878298013566
-0.3467958578977118,-0.23352619430127625,-0.567817400126716,-0.0899062211028999,-0.315074871693347
-0.05423949357417011,-0.1573417853241361,-0.44135845422648745,0.20962502090956178,0.2617626200265167
0.3066974128238135,0.27241333657717365,-0.4438650987577898,0.29760846911418193,0.22506539159681038
-0.408891711281758,-0.2714056333126185,-0.4637772444502126,-0.40388186996603037,0.049564770253841865
-0.5446542002177629,0.0022952301234504414,0.013210423217097877,0.015877759472027575,-0.5906849018647846
-0.40188481154270617,-0.15934900059927123,0.00340054946798116,-0.02084106979356446,-0.020811105981464
-0.2447418228142767,-0.15569165844079358,-0.21392714307406757,-0.22035019047374668,-0.3660601494816163
-0.4059456645985294,0.21602066064478884,0.04845469534756368,-0.30406411282964196,-0.33147859300836413
-0.14244614458273466,-0.44789660896028693,-0.07602201484850778,-0.2538630565261937,-0.3293977134470539
-0.44715008534068884,-0.03222121207600555,-0.14663673541636205,-0.2760659383901725,-0.5784860642503901
-0.2682155202588838,-0.315606905569324,-0.29956390447739206,-0.061629037023258226,-0.44676495671728694
-0.42504617971184283,0.07331906447136646,-0.2768264906373911,-0.08012063574824003,-0.3798051659896778
-0.5209076943632672,-0.08169561002713908,-0.16608190092236386,-0.058184173727337446,0.007385449534486613
-0.4969391842707943,-0.0015040277753585415,0.07069723361600432,-0.10487985681092223,-0.6608668478822851
1.1619662084190991,0.21628186022213045,-0.07936848664493053,-1.093751468087051,0.2874190117000461
0.7889187725108378,-0.3280765901865767,-0.2573501137410361,-0.32221394884374976,-0.37092530292411824
-0.023094594970233234,-0.08505975121951835,-0.017265468241028623,0.2521295759369152,0.2401411608641088
0.313458540423548,-0.4827258465483908,0.2467630309839934,-0.0639583626479601,0.740750397775834
0.9346129876688106,0.7343956089378114,0.6217170279097559,0.30305988812496726,0.8983719128956699
-0.4801119346707963,-0.0013382430447346028,-0.11487824663321418,-0.43324333641638774,-0.4788682498490225
-0.2714876181857518,0.1592341509428378,-0.011465241160139904,0.10651265508792827,-0.12485011482658198
-0.38505722760688565,-0.023818247686970474,0.11502784022593793,0.16398112273344456,-0.11809984930772917
-0.2189042367704144,-0.17068714465534454,0.23052639117276036,-0.18117448788604604,-0.5103057374992254
-0.34909015762382073,-0.41018230095879954,-0.030980606865064535,-0.4619274214765355,-0.4621390875245321
0.5546716977464304,-0.2585172964467437,0.6024239645519056,-0.5014302343469815,-0.17502296030170056
0.5536615606865749,-0.9260548575640718,-0.4668129804145237,0.07673001055183508,-0.34408032206663863
-0.02812967770387602,-0.26784239310050423,-0.2862121169575832,0.4576819658846374,-0.6276827318851883
0.5858384044553556,0.2689043796685674,0.640804675744723,0.5190229411111668,-0.07965929613867456
-0.5447888035557534,0.1209913401982847,-0.024888653241415513,-0.05136817572878249,-0.02742074737927181
0.13786083882054115,-0.14625289689183024,0.24150116931373714,-0.4571646114117402,-0.7572683607911703
-0.09830726426499078,0.3721501848262043,-0.5095228214650875,0.2788336919568543,-0.1807735917194231
0.3698961806998244,0.23151619170472448,0.45454841324380046,-0.03259124611063412,0.30376117503216093
-0.25874065484507797,0.03011475717159793,0.2996744261746447,0.4443294193430858,0.25406253437276854
-0.42188204629826764,0.2848948951233214,-0.3327343497015894,-0.22492613412803433,-0.6245650742369698
-0.23518191453850626,-0.24841995458349592,0.1409288063488907,-0.39200281798987957,-0.6029089911778489
0.16265170790849157,-0.21601140510323147,0.20922489901359412,0.061896849530424146,-0.10819047195772902
-0.03414441859047822,0.2374422766026078,0.009805507702143258,0.24005437807849775,-0.36549509733024876
-0.327172436580529,0.015601555416100116,-0.3190172543590864,-0.28581012704272046,-0.3859122774766825
-0.17913704798361474,-0.3207907001209648,-0.4186404416430282,-0.34828870481846547,-0.2309368838095864
-0.4360465947087427,0.016777578061492767,-0.38004508297151296,-0.4325199912603273,-0.28723772549528165
-0.1709153271474886,-0.13413513902162866,-0.3265029590017895,0.09315021704697159,0.0040964448943701095
-0.17324274237697368,-0.24722806738891748,-0.34023344593500654,-0.21097925637300252,-0.19829229312793287
0.12184675075700392,-0.021023443409411598,-0.15980119781282673,-0.16229784744893336,0.04487099766623075
-0.07365040448603098,-0.29500193033201727,-0.21224271870078526,-0.3503304747712713,-0.6480755374119531
-0.33862149737160113,-1.0039694906570926,-0.49574198703423983,-0.7756556685433236,-0.6858100247286578
0.5129428464401304,-0.4649864752646364,-0.16808361978514647,-0.4896537510228241,0.5580083091057169
0.10346365298261238,-0.5023588024960778,0.11494796193233006,0.2574753347297894,0.35159718934473205
-0.21390823494826514,-0.09381494565709741,0.45240201525027207,-0.1235293428615458,0.8837375751973554
-0.19363466264393359,0.30187607152370244,-0.5792087003402029,0.237527904738621,1.513176896022219
-0.4535585795871935,-0.4133079707872147,-0.2787962157522974,-0.02223083268284759,-0.6213223171909871
0.17601060994672293,0.2096070212084084,-0.07866153739078138,0.07420522577500208,-0.00226386224899204
-0.1825384687473738,0.08079615724740105,-0.27586544030725607,-0.30795001940504685,-0.00978836138485052
0.17062203873930104,-0.18605248821646722,-0.35418859665633406,0.005292456431624478,-0.4647189969563091
-0.015133708121441197,0.06517249978475544,0.1869428556656592,0.08331917173527689,-0.3342010637722045
0.8248880784564367,0.8045077460703733,0.4325696425938826,0.6971549627144363,-0.48730346592378665
1.0568610147454442,-0.922168231988497,-0.2466660190109352,-0.5087287020351151,-0.24117245554551703
0.3438991476739686,0.317082833104236,0.2830786353603124,-0.3824769614148362,0.32923772882566177
0.023499693106918754,-0.6973603706242613,0.5385831932981838,-0.8749090864095903,0.052928158865532336
-0.4540961517885401,-0.08356447834616547,-0.3754955750549828,-1.1683327876407403,-0.513253412258364
-0.376048000755173,-0.1759463153163836,0.5970513107137638,-0.08204995112978773,-0.57281738943583
-0.11761877215429561,0.13651536178541615,0.4236537267618156,0.20242350179161958,-0.24787830984573903
0.045785491013670195,-0.42678030984969884,0.3561099192708219,0.06947324700109703,-0.21238549595012518
-0.027455319722107286,0.021613719865859922,0.24843590418985514,-0.5126170445594018,0.010555652049316237
0.15614917753733049,0.01031573416652255,0.21522098865890363,0.21432803335824024,0.107112760647818
-0.5424246024136592,-0.3752632920252255,-0.24566472531079983,0.15790768318373422,-0.36012134409183355
-0.29866366959414264,0.29492055062741096,-0.016150077149422872,0.1912040679874526,-0.32824476827789933
-0.00959473728434388,-0.29665976188443505,0.1217668687982252,-0.17291897320463703,0.22033351782263924
-0.33328447961150404,-0.16210198107226903,-0.12892172236486035,-0.12545207548530946,-0.10409453640285873
-0.08620433143372676,0.08937564886772804,0.1335291857207164,-0.39864344888359804,-0.3039729583232311
-0.035504760783026695,0.15365092019850193,-0.22464094466679735,-0.24716909791459574,-0.026135656425356837
-0.20441978858605026,0.17487407658860507,-0.22705761993318613,-0.14413312424643307,0.1168389303509389
0.053365811481382426,-0.14992825858322395,0.15616992358669088,0.030070097610413453,-0.18279922660302747
0.016985581288779264,-0.04077050655379831,-0.26597006821165226,0.06767163211042032,-0.3788697796147768
-0.013024171969319058,-0.03997308221858607,-0.18718734767787426,-0.17054647320299748,-0.1645898294439233
0.9044818237812439,1.1367464457870948,0.41162736959984725,-0.4904335425474507,-1.288140833783463
-0.3936688296244984,0.2704742792947649,0.1085168680747545,-0.2929827973223662,-1.1713096183603378
-0.19492619362219166,-0.1932827502729543,0.26649555076934034,-0.5378985544034935,-0.6646297562024445
-0.8495052263264818,0.12669333242685707,0.2077513835657818,-0.3731154786923269,0.3359190702463061
-0.23657380637810332,-1.7128942078706972,-0.6838910291073353,-0.5486262673808279,0.4221213190108024
-0.30121646451936934,-0.3444956960271109,0.1142523994828255,-0.3532700372838403,-0.046858167467703736
-0.1309214413103677,-0.3599004029166723,0.1669182117274671,-0.0013691896353743265,-0.08686082585555072
-0.17788946247328982,-0.35308507297663905,-0.21716010772370298,-0.1700843168121102,-0.1774313299307441
-0.16183818896068639,0.12598925656867713,0.23547950583547123,0.1839439266389766,0.0360476928747907
-0.4421098684757842,0.08422546079905366,-0.15743476419452998,0.07481416918510134,-0.4040206358211595
-1.2389420341455202,0.13049868873886833,-0.01965194780113197,0.7767945687911552,0.6215483827879957
-0.56810136712638,-0.44025102118130044,-0.26433224035845765,-0.5514454627963287,0.3751950372351158
-0.323812143050443,0.041680995566153074,0.24444871138619187,-0.4574828453709384,-0.34624340799752285
-0.25154936093456337,0.18362131151089067,-0.4126418051098115,0.09016744480516481,0.06626035102428209
1.0485066558099612,-0.4531354752662138,-0.7054902128793412,0.3244108041590292,-0.4059425878565062
-0.5824841414680301,-0.21171889501678956,-0.29207732828623184,-0.5177847971920924,0.17841855950107763
-0.34202068071086617,0.43301364137458986,0.13432546708470336,0.41205959489067856,-0.223258163714262
-0.4395611267917354,-0.04745223645144094,0.14877089999928034,0.07554567003237149,-0.2777984539258783
-0.6617587594002946,0.19429200970517962,-0.06921966777316864,-0.11599902614835475,0.3201497987422388
-0.21388289873923078,-0.4435550326242155,0.21041573895474003,-0.5261753557640649,-0.19167043575936438
-0.12998897634154155,-0.11514963313207742,-0.17613229019453253,0.11059877869367336,-0.3421651082437932
-0.3601152131980221,-0.06669008677589848,-0.03213241017597161,0.22816593112059066,-0.2606020980208543
-0.24263428775203408,0.18220486526471458,0.2648471736283054,-0.07035969255366348,-0.31790730991554095
-0.3610905955517012,0.0702811205948323,0.08984005871715173,-0.2241382466792462,-0.4010487376850947
-0.24075211898170248,0.0379561171639027,-0.40219144209125224,0.12068879541661538,-0.15610401810144658
-0.49107610000808644,-0.19225829039960787,0.10035460887510961,-0.25849815301875345,-0.47743785044539055
0.00995402019857158,-0.1117812735910438,-0.020173753145269643,-0.1572888988451471,0.04491670998166639
0.09053739886965623,-0.224478052402237,0.21033970303199412,-0.0931504711864044,-0.26424954970889186
-0.3275325360822594,-0.30676848179556093,-0.24201845824772347,-0.3448606803510626,-0.2447700193326093
-0.3629612982844666,-0.3654691148935219,-0.3151303522960031,-0.15757729759536754,-0.3744526801348303
1.6450052902131953,0.2088962834978624,-0.41713518689389284,-0.504081132318088,-0.27826965971017836
1.1337251859362112,0.512531926987465,-0.5842679391816202,-0.26960797958537047,0.37616839452610357
-0.10815256397438702,0.2767831866267879,0.15020011544856868,0.3066195714928767,-0.47332958172643913
0.5555629535819885,-0.039815249441255696,-0.018225282696365332,0.2100816356270999,-0.8986515225461985
0.023663190384691547,0.17524079755254796,-0.5559197055969962,-0.18753089645012755,0.06826740561245326
-0.6832293747912982,0.06387547567113214,-0.14118474044900076,-0.31198149024411603,-0.504361110275182
-0.006537903071652901,-0.02927211669148475,-0.17665320202786317,0.19836643776314566,0.013222991041702374
0.1214073624413455,0.03814170787915724,0.1694950076944158,0.20375211055427436,-0.42049408572177566
-0.30555434456173963,-0.17917432424417915,-0.2562194081259939,-0.24780057522680837,-0.013087961348068864
-0.6541684482095537,-0.13164944840503626,-0.07900044149724057,-0.4473620956553539,-0.40466346464834774
-0.9691280661507374,0.08691680512799634,0.6281024890648987,-0.27531783504503754,0.42642157269929715
0.38047988003653277,0.8012642821555271,-0.2534974400858295,0.32366551990892634,0.49900931888433325
0.7793224353700471,0.1709195344097529,-0.5767100814262623,-0.5875243779685725,-0.27312063917786844
0.7348244385999074,-0.759227846924956,-0.930861708893922,0.6778261229796312,0.3741627310718961
-0.6651807368077404,-0.11346344169797801,-0.2894899962059735,0.6511101016848808,0.5293180581337434
-0.18885040726225402,0.28104871117727936,-0.16054618984984598,-0.36849337758425627,0.035324975217584285
0.035806400192945245,0.19641249483828202,0.44161831986316225,0.151526739324591,-0.33770469748535303
0.21421526784562317,0.13362192308194196,-0.05458719710325612,0.7066813713489833,0.27074029250564385
-0.18479787065566736,0.028433706932212283,0.18208820672400639,0.052874566825340814,0.244225816187598
-0.1637045625470414,0.2876545162316612,0.008217593549259333,-0.1608862035480248,-0.2928925311657127
-0.17206293172752443,0.016966808811100013,0.03409434602299943,-0.13403197428351482,-0.025232966307495813
0.07021581616898663,0.17205242805004115,0.19080250321786707,-0.14443926123844567,-0.24010066825648382
0.1886876651586787,0.020117796586308658,-0.1010271960118599,-0.0418223648871764,0.021620206986768007
0.25192061244629826,0.1123733933829816,0.17428692480941124,-0.2234315701749631,-0.08082464944691045
-0.2906432456863755,0.12988302459156817,-0.08518556314558204,0.20513986596728112,-0.03499964911394284
-0.20037320855374507,-0.08559886369054831,0.2572642424378019,-0.17866408336636982,-0.2578107094669024
-0.32288683757810327,-0.07163237658480665,0.018202220776378213,-0.224818582029713,-0.01884624589849367
0.010395378223974095,0.043739177616591386,0.14687598820674533,0.12073504111590809,-0.1351697290972982
0.07470150245593801,0.156190087548002,0.2682252496409283,0.19311049702053648,0.18424088971740962
-0.0791119919361155,-0.2784410055121365,0.07171011476618551,-0.07267756411575949,-0.16108237944690143
-1.401818255158241,-1.7481465284766784,-1.2083323354369502,-0.7452892603030083,-0.10311921095441065
-0.8744405305144863,-0.9153057674383372,0.3292486349194627,0.031704618281022084,-0.7117195749518301
-0.5460600357167485,-0.03942415700632386,0.29877762869013824,0.12628162368842233,-0.8808985901309797
-0.28611881517073884,-0.06407116246336647,0.2458785977160323,0.11946986503060433,-1.036565734206645
0.821612254162777,0.42781287304932053,0.12400229378785364,-0.27845639188073473,-0.1242891706675257
0.043540536066482574,-0.11807986390739428,-0.022948070059486875,-0.11303237006100621,-0.4059121310742508
0.020206922466955185,-0.08501460188615202,-0.33809028988932643,0.1963258303051821,-0.01595078981333769
0.0816789387452942,0.15324173174637706,-0.27813613646662644,0.1261283745880752,0.22382891527044343
-0.19090898493372718,-0.17205786766059905,0.01784580917280179,0.2516681162958462,0.16068252691227075
-0.3094356497585828,0.12624287762426226,-0.19332231722516133,-0.38309759264126053,-0.25585460662637
0.16140633603417737,0.06202504970557105,-0.31398251656093024,0.06699422428417813,0.6787290552384848
0.7335071156351971,-0.3111319932025948,-0.020753595603761207,0.6919927460911977,-0.3092004620496727
-0.1668964235473624,0.27307826258664075,-0.2269346578551727,0.6513171456198623,-0.1221051685499838
0.43318321103373963,0.08955967773341061,-0.6509118772970266,0.3786323979230545,0.2839332390430063
0.20396047351865004,-0.4389722685372545,0.0748475798026016,-0.08813758670266938,-0.10288033828452467
-0.48505736746219,-0.45385720147313413,-0.2523854085845868,0.3527059435853676,-0.3271844101832935
-0.41777145025821505,-0.046767029027349055,0.6289352961645808,0.35076218637503415,-0.12499572557900161
0.012059246317343609,0.5126063954445108,0.14568174113504448,-0.025306427444271556,0.19544483711643804
-0.35212190160601536,-0.295594225852554,0.1663770719828981,-0.288996188012839,-0.37986408150361
0.17687074187091492,-0.1807205143812012,-0.08842058733675466,0.34949296941895597,-0.38132654421273104
-0.22315811727888152,-0.12843410433982524,0.001933964638697982,0.04763117390668688,-0.27711783885573366
-0.07980614510316322,0.11417783016613609,-0.18292951709939417,-0.09964379596287458,0.08929569325801823
-0.14816961163064868,0.15198675549772186,0.2759141853997069,0.08766543962538248,0.16665010822160597
-0.3309540061514145,0.08403705135339305,0.23357151044577862,-0.14916330579310455,-0.08738959510756812
0.1255606793239188,-0.3054987766731722,-0.19823091219553626,-0.038571805047910905,-0.47258533331242886
-0.4057569964597644,0.19202256394696496,0.04636416426345474,-0.0054885140351156984,-0.4857725961546453
-0.1006607426735044,-0.14468394617124086,0.1537402413622322,-0.06691111486348456,0.12965703511959667
0.1065279101062561,0.06972978941514481,-0.31900795740103444,-0.06833606470620386,-0.18583369135917108
0.05005008735514731,-0.22285655868518994,-0.2458370567410558,0.18997263101566625,-0.21644929908427168
-0.1377839151600335,-0.13004911587833692,0.030016709464097215,-0.3031697530636377,0.08341254532941074
0.2206507776091989,0.02685648790986776,0.2982711259797353,-0.14764998943687235,0.12866471992384554
-0.32201032381648015,-0.3473189803146718,0.13430531211234858,-0.11043653293695717,-0.8361023293046914
-0.5258918876591611,0.27572469430944235,0.15238741677737777,0.41447703006136244,-1.0592716353395446
-0.9274539740279437,-0.36488443994352093,-0.008508113355419001,-0.6622304424751881,-0.6034610431581994
0.12193291862472613,-1.0043848595804472,-0.13628505660189408,0.07306993785833168,-0.27417987355274553
0.054731997886090115,-0.290357741920929,0.1661272652096142,-0.39443376148435866,-0.4940549152873787
0.19934845321615072,0.174286755579206,4.3597075328244124E-4,-0.1570127555324853,-0.19721089746113346
0.15344571247552935,0.07922602968539803,0.22470397307452822,0.055834637243161706,-0.12369112855901218
0.08921171160156055,0.04036705354296523,-0.14210473989139924,-0.18889520917399058,-0.3866616950696999
0.07409027607645928,-0.075930385782377,-0.341280253876796,0.218559047648497,-0.1843676284175668
0.2496999996123106,0.5982528752275454,-0.9369997869156882,-0.6839311844145224,-1.0657671279716001
-0.24794917051718218,0.4207022042719577,0.6417651388614471,0.85118728563056,-0.08565866624497545
-0.5651948688795595,0.6640332458112785,-0.7889946938798356,0.37493454023631817,-0.004343948959041586
-0.38225913018458035,-0.13131887363959596,0.7112255221363597,0.4207819643884105,0.6970228750934936
0.4563601955495671,-1.1005530803800296,0.29120853597818025,0.17902387307234036,-0.41212446383035733
-0.17205580691108285,0.09956109456420516,0.30258192161306574,-0.027202646948311232,-0.13598959419943174
0.036850211936673996,0.3422833318433899,0.2674637203484851,-0.26277387536722935,0.216617321606888
0.018614419045259224,-0.016580949959186606,0.2761553359843273,-0.4391117241552099,0.41023632916782815
0.16184319228452904,0.0859589817063658,0.5470845153724764,0.41051309181114176,-0.46039608450705466
-0.5976013019758325,0.16347346909131996,0.2980139954998959,0.423881043478766,0.06334115271241562
-0.3294574032567595,-0.2688721537988287,0.0733593570338252,-0.28424813549065087,-0.45839996477348355
-0.036206083112939165,0.031586502169835766,-0.02355088378418605,0.10960127121999423,-0.3492975887870028
-0.1693240604636483,-0.2894598105231232,-0.233462639316787,0.2738257879222302,-0.27572644408360114
-0.283480448543745,-0.19885433389909435,-0.05510464840001795,0.15144577286227814,-0.018097288660874476
-0.20072528784599591,-0.33725045548477267,0.2124818594243006,-0.0053096497059824405,-0.04968024784472577
-0.1847414550976805,-0.166089063476525,-0.260909542779777,-0.15843455276184584,-0.36542428863918197
-0.2935632701451749,0.023453474959813505,0.02230873408848043,-0.04007946641832268,0.1208990733939492
-0.33155248038372004,0.1931864064605625,0.008820636209767812,0.04626401041235254,0.007314285274619152
0.10582780980064414,-0.17447329174196757,0.261745803439355,0.15806773864769755,0.22044091481971162
-0.23504629796906437,-0.2544718175483449,0.2361349264333265,0.17656923419872014,-0.2624089990882963
0.29251445061454223,-0.17539358418543405,0.258984703838666,0.20542450733151504,-0.6431807043742608
-0.6511962511426771,0.32679843360116223,0.31679077501547787,0.12809257142947122,-0.37040175866997044
-0.4230789349008447,0.09855449142753511,-0.2638755195930855,-0.2748871105984715,-0.5293161597130258
-0.1164676374991248,-0.2597513850561388,-0.2408106128903936,-0.2945887972211715,-1.0764670202592492
-0.40680673782167415,0.4107538457565308,-0.9463538677571649,-1.7153070194850468,-0.9981682392675563
-0.12336094209755666,-0.24083782937050974,-0.26398084969249064,-0.40086866669852045,-0.09853821145253405
-0.4330178316592928,0.22049617959936593,0.08664204776258931,-0.22668191289004788,-0.2241657901462467
-0.08344259978361131,-0.02636354918684479,-0.29175716103643956,-0.07148997718432579,0.10750049943725652
-0.08246622075167886,-0.14197221732855517,-0.0816868937758021,-0.292987366890854,0.016506054011096716
-0.513168185437456,-0.21224102520839946,-0.07636460980353392,-0.37570692389478183,-0.3777250467485476
-0.1475806011486896,0.46650739988010415,-0.822795785900218,0.5886483576377305,-0.22956656778111603
0.2893332555775172,-0.810287781145447,0.08689252127005788,0.2561906765332994,-0.1018695179754566
-0.3894421209184887,0.30949405539573593,-0.1429974322154002,0.012561935857627639,0.6771975033179276
0.7776043874993573,-0.19982164914209508,-0.5607929649418295,-0.20212235043850815,0.21800403260272366
-0.3148096731901984,0.69311841824972,0.9418045796912023,0.6724004460801336,0.5484194813529106
-0.6296530776684709,-0.30963544188720693,0.19381657789315615,-0.10572502805188436,0.2889859293540175
-0.5294935622305195,-0.21449002205589648,0.21807122984356203,0.3682374200652676,0.16259119264469304
-0.1557420234653307,0.13973874175031514,0.1038083068477038,-0.3438210850991483,-0.04083916926013136
-0.564112830395775,0.3609802412602041,0.15891079287268525,-0.16609110578388206,-0.19513437425356506
-0.7450737728894421,0.019999658165545903,-0.29141903939191877,0.2166077729141451,0.09580862891230596
-0.6152670141286047,-0.14997142971095756,-0.07882093447758833,0.24736585558897842,-0.3855505835478578
0.03093345527022175,0.1665281983411914,-0.2501291308422689,-0.20687526410091378,-0.22650718102218426
0.08071541066751874,-0.3417598070179658,-0.04508647356014382,-0.18390118623639032,-0.32517675595367085
0.08171505933567179,-0.3496541695606656,-0.20223561102693222,0.17364562987792312,0.03471346546136002
-0.6628194641541908,0.09015903885754763,-0.10606148435769702,-0.39980181672227494,-0.11592732600535502
-0.326446496473939,-0.2507756764429065,-0.1969063965100111,0.0832099602242802,-0.055620187271041434
-0.4338629201090547,-0.10141549641985471,0.15239798607482782,-0.1217638285791938,-0.041058860594329415
-0.26593701530103575,-0.24652695625673424,0.12242928034599208,-0.281702199725504,-0.13692826051935345
0.063545955304443,-0.06095017288536921,-0.004044891597738078,-0.10883344274705255,0.04237732062122514
-0.4250892285760935,-0.4345348857027104,-0.364654649377194,-0.01751325859787947,-0.43936391758788595
0.4237840812228895,-0.37474365073551974,-0.30881323251602816,-0.7385535596897975,-1.1103370963481
0.4742476207730136,-0.3545568647842864,-0.0299379248359125,-0.19405648537916614,0.05264929571473116
0.5753028623759703,0.23961842174971723,0.08019392625961322,0.08299495011412686,0.4493116148716208
0.6250612684486486,0.23170250174216264,-0.3082545796813537,0.4569894911138041,-0.8967688746903735
1.4353530974353284,0.4713799541043699,0.07526833443255392,-0.7282884860303172,-1.6867811444628074
-0.40852063441920633,0.03720943585174151,0.14098625745179005,-0.24872487916421268,0.05061232010917202
-0.36029417952007897,-0.10607454740093532,0.0836245677294261,0.21787710044564312,0.13550465488564578
-0.12004604955681661,0.07554502699230117,0.24010972574684655,0.199319638906926,-0.04967777807568721
-0.141949371108059,0.19272356750375655,-0.0576885882377426,0.23946397345194226,0.05120140184689529
-0.28753228070896736,-0.39535711204398427,0.08273656264034172,-0.04143501964919742,-0.18474393133718067
-0.03373870350389135,-0.5145953209980116,-0.058489517104931825,-0.8389508329436228,-0.17995476070084696
-0.3290123770959275,0.07410984499562877,0.08602381569500499,0.006282375608693813,0.24519343719103384
-0.12760700235787112,-0.20598724277295527,-0.051185688039157164,-0.2869134902328981,-0.02855297088782083
0.8352287298467715,0.45550462291446747,-0.16150801053915903,-0.45528639643623675,0.11485105454580279
-0.864529779578471,0.7705346297268093,-0.2959273891778382,0.5599783039480094,-0.3486791140903672
0.4175954902600746,-0.3720160570735277,0.13293839745607242,0.3581642854501759,-0.026179252276083587
0.40210940307698345,-0.21945640039394348,-0.40088358266428087,0.2705038356754132,-0.02472753706871463
0.339531887231636,-0.33920220939505774,0.28928555573302167,0.35034775232456233,-0.3545901523583561
0.18713092270849985,0.24030194109205738,0.4982719719692195,-0.22686975340129983,0.39661634408353325
-0.32023907107429705,-0.18312560382848114,0.2817870176561379,-0.23247330429414972,-0.5364278166417432
-0.2776380431446789,0.2504936653012185,0.24213179489551964,-0.11421411828553094,-0.04893780444287449
-0.1426625321492263,-0.16086277504975352,-0.06386072362982367,-0.2195514945455019,0.13914727770706828
0.19481930484701598,-0.16467265336276993,-0.18762434176204473,-0.2182039096578005,-0.19992543914441468
0.10508254998259335,-0.2493781650051305,0.18421951411385312,0.16999733101583006,-0.22007347758724508
0.08341145593653058,-0.3202345958736717,-0.09098537339684397,-0.07098589636171011,0.04123445630074104
-0.38681998101795995,-0.3281555504835868,0.21745900030091184,-0.40679269587989364,-0.13849685455664357
0.01668986099053196,-0.1524008794526535,0.0354775984153626,-0.07258114085920107,-0.3242023223577022
-0.3063806572996548,-0.295961919148159,-0.11633916847100337,-0.2797594334128038,-0.21415259809650566
-0.07907615352396752,0.16266973195157738,-0.1375541432295409,0.2245429933990602,0.061545451714932815
-0.1269515396381288,0.2280009189847062,-0.040746358067712145,0.1665991236410372,-0.05014152157122609
0.48333119765449356,-0.7476274432886045,-0.5966009997226696,-0.28979409643285203,-0.14412553781394252
-0.2023463290653075,-0.11923520233850757,0.18190324774456548,-0.2053913872047515,-0.49398429108256386
-0.6630388961886539,-0.3060612582602326,-0.17137994308155421,-0.12284214500862445,-0.34782631608990056
-1.0419100125702268,-0.10241222167063381,-0.46240651097407554,-0.10610222542103846,-0.4061238632957699
0.08329132267067023,-0.46948991520270983,0.12431975578205037,0.37484408769476896,0.14147591443030438
0.10976515453804678,0.059264382094087444,-0.022866031794043375,0.04817413676540994,-0.5063772783122263
0.20699365560012362,-0.23003006545359014,0.22414749569645856,0.03643905376078396,-0.08847703371250197
-0.02521023282387038,0.1858353452009402,-0.28297863594626815,0.02461969533715244,-0.037761210626549885
-0.3268210510071941,0.21045411980408094,-0.1443822463254921,0.2571193424891024,-0.17388452504003896
-0.09308944151101084,-0.03524490162350769,-0.07887959628367693,0.09951629093638838,-0.34820077847652897
1.098228545357521,-0.11013176107369937,0.8421453844545671,-0.47392631614062725,0.3596323694678115
-0.449599973759805,0.33177403234397274,-0.20713261118764023,0.31351860413071814,-0.1554509060524705
-0.7088206533410158,-0.6557552806603737,-0.19313281604990395,-0.40747759956011265,-0.46017079592751475
-0.7941428167076138,-0.5589698662041293,0.14193224036219382,-0.19634891398777274,-0.4665655064979774
-0.7160851464557145,0.7533910273381277,-0.6081195743188276,0.044077655849393105,-0.18093556439199168
-0.33190088295379444,-0.7456960086539794,-0.49898524974360037,-0.032864325822505494,0.04571138091498315
0.16708344565774003,-0.4937769926873977,0.06842059926613084,0.04269267091248962,-0.12213183679932517
-0.18777435578511847,0.10125371001945217,-0.49615275673778714,0.050815086439859034,-0.30436257422589874
0.17468904912124142,0.20017827303941904,0.285394856245871,-0.21375650790466041,0.2948693318866779
-0.46747352521629737,0.39356466087891406,0.2884797690542718,0.28338891057736953,-0.5002536569036934
-0.6608640523939273,-0.09207177373342856,-0.0625933239624461,0.0531297920985963,-0.27925603050981523
-0.079601553893014,-0.03389995925251281,-0.01661726773067978,0.2842161841069668,-0.3311224974152967
-0.2131398417324033,-0.04850142266071172,0.17844757961731422,0.2454929498182711,0.12399741634896468
-0.32843236385152136,-0.2083339059963397,-0.06663794081571066,0.03172470971837423,-0.03972085340446316
-0.48094896180324964,-0.29865548643482387,0.09173083948920235,-0.3143637492477479,-0.1812943142133585
-0.5847836179200008,-0.2520530234372848,0.019752666125678015,-0.06272376820060695,-0.23041797831334787
0.0063991102649350725,0.14901938306195342,-0.18672673996440403,-0.26177086274790984,0.02512105485207184
-0.19480142183433524,0.18826316211409214,0.26915700006923693,0.059769071435327656,0.13622303835413885
-0.06905788562639624,-0.13145285383313934,0.1562815797650129,0.04557732026050613,-0.2306158694899334
-0.21285404682144296,-0.18372381774614172,-0.12485399383773024,-0.4134449400236337,-0.3916740967951542
-0.3235272340046365,0.5386363851852114,-0.0342099837132383,1.2674840685254114,1.8093549360131913
-0.46351973648086436,0.4512306769862678,-0.03420464435009928,0.17100483527072632,0.7093253190978775
-0.7567116092595433,0.08385098474570662,0.10820803817300076,-0.273932207957508,-0.09989010069528864
0.3334580018037185,0.5333909989037896,0.5262283159681078,0.3555008208347924,-0.23264838812945215
1.4668086688407993,0.7000117866983557,-0.057902647103657084,-0.9453175194039745,-0.5446768648682134
-0.3102472167199219,-0.3369399965985509,-0.29052987607656394,0.06813598832680964,-0.3058707525084069
-0.44591078941143375,0.10889657337319686,-0.3187001084761419,-0.14865234279724884,-0.49280658985116843
-0.06805866727195713,-0.32297929816015414,-0.18378030308809637,-0.22472853051936734,0.10444175718806953
-0.11154967987565957,-0.06411607814045624,-0.17431926772504047,-0.29703374463331433,0.0456864127181628
-0.5174555080559392,-0.45399963857942083,-0.412314448354482,-0.18791090868599405,-0.2945770563061948
-0.6946862745140848,0.7838616015469168,-0.6586910256770976,-0.10815467680590793,0.09741439356399526
-0.3644323851737033,0.9310892186270343,0.5517796480084666,-0.7158783283477962,0.38928048813437177
-0.45935331691780706,0.04879560178773469,0.6389506431533727,-0.4257705679624831,0.47662824371975737
-1.3962232911386119,-0.22378767586577988,0.3610583691481522,-0.5896685141812051,-0.26403578209016876
-0.5457957987912198,-0.1627373833638253,0.4664467145958279,0.20019160595141824,0.03297324265397779
-0.48952175566439143,0.36576121417458995,-0.3403633977383483,-0.04988558368279885,-0.4602149784776137
-0.3242526025263306,-0.4613669006997276,0.19241277937783985,-0.5212701259062243,-0.253357874681947
0.13304727742484979,0.17587491528322957,-0.2654111576255816,-0.3018495229474929,0.10766855586534523
0.18874014152071347,-0.5665839032243973,-0.4044574527941898,-0.5253460511974888,-0.6202139091767923
-0.16434960114674171,-0.516536133405727,0.2343720057144482,0.22640797630434542,-0.09738593057942886
-0.2584169985314716,0.02744052267502195,-0.0264955298236822,-0.20721225022633233,-0.24220083956325356
-0.2394714863306825,-0.225251422682871,-0.2441271655046529,0.05447335218731383,-0.14213024214356698
-0.2787418609517364,0.13707101171151165,-0.15783032527020555,-0.28631402775045517,-0.22780881714959036
-0.36843254675187626,-0.3421458490802987,0.16366180958402807,-0.18747958965551986,-0.48725779153095405
-0.6839083983375193,-0.12258036336483849,-0.26983927184023065,-0.1826965783335872,-0.2506241758481091
-0.6125110872468612,-0.3745877181956197,-0.3019677227642768,-0.15143487966793262,-0.3260545100372034
-0.3152376115516024,-0.021585209898734956,-0.18630997018156034,-0.314323073021092,-0.41321338638467625
-0.061047686890989564,0.16685961395066398,-0.313209758773138,-0.36514449850789726,0.07332027750113478
-0.029031159267281472,-0.060430806128236064,0.09769777579232898,0.10046355308553487,-0.17904408875809097
-0.7104670151024132,-0.35141453355664143,-0.10076968370038697,0.06996893110895003,-0.5545892741936894
0.5149941617290286,0.19750152340163854,0.14987290749217375,0.9486045289864524,0.3992122883418795
-0.010114701866851093,-0.24252709256603072,0.6124092614402821,0.08485841845153584,-0.4022407072483347
0.18743336352882217,-0.08552539651510849,0.23486257303040955,-0.278228031757085,0.43859703078170265
-0.632985433099842,0.1133905800701642,0.2090710030879342,-0.18546400100601934,0.5094635165328636
-0.43991717084369497,-0.10232314939036492,-0.12312354860865275,1.0266008686379366,0.6797976527447368
-0.4000452531666356,-0.44125618359554747,-0.14130623242938883,-0.1887839420756262,-0.37639404957387745
-0.23431881374776262,0.150565193446184,0.16920683469134976,-0.19987453742173206,-0.517142545195507
0.022978398926492286,0.09050763937823225,-0.11741086262558638,0.23587946913622276,-0.4769753317578135
-0.10812122380913211,0.15015514033148786,-0.33325545083022784,-0.3284972742858308,0.03733681179880109
-0.3527091084936787,-0.18702512816723124,-0.18502899259463101,-0.2910021219095917,-0.30461193248891005
-0.955641222634936,-0.1644908825027937,-1.0341408755560346,-0.5776735820539188,0.3118001088129736
-0.9104883878541853,-0.46409132299329353,0.14307773837977117,0.9524726809882322,0.3899371162369361
-0.46457941994544305,-0.9070882501390791,0.5431327979935284,0.7153102777911007,-0.020197215222630602
-0.006584052520262363,0.036960792588181864,-0.44040683296221306,-0.9397866063952383,-0.36875246478521023
-1.3242878078008131,0.48707421131191986,-0.26495775851635656,0.4625401333939895,-1.0453532629281181
-0.09632179442795982,-0.34401522399813345,-0.6212624030612262,0.13450160899614805,-0.6346524594378582
0.38830451002572797,0.07374481547636012,0.30839589085905783,0.21478068255435676,-0.4584691653401771
0.4550572681592679,-0.22820931996007843,-0.21902460856116976,-0.6672413703965984,-0.6138687200595918
0.255311833183648,0.2574166106725549,0.261947162452606,-0.363609654921444,-0.4904394826276166
-0.3626288125808632,0.3616392723506638,-0.38426679042683215,-0.2048821972672697,-0.42521707511782236
-0.032312201403496575,0.18783311634217298,-0.1134999589402466,-0.5103961718900661,-0.46116427949420213
0.06626540388196236,-0.20332358783314858,-0.11253890850839991,-0.1770772757783786,0.08499413852091836
0.02913104392285266,0.20535293080369105,0.06547539028734664,5.25711445394634E-4,-0.3693757025259073
0.06192145907376692,-0.2779574190789232,-0.1539109597782241,0.011469517868696943,-0.46469339136643717
-0.07687624647043674,0.02622547359053683,0.07618228368584117,-0.48270320519165083,-0.7461589475999522
-0.35230178833787784,-0.3393999364033388,-0.3449918390850913,0.036850401059526,-0.8019070953783028
-0.4287363371569424,-0.29413340642314256,0.249776078219744,-0.1699304443262493,-0.49200637846292516
-0.20389131057327978,-0.32759876638344715,-0.19028775898519082,0.1978500824909125,-0.3916467281194734
-0.17906091277491681,0.15042803944396796,0.14832570458289854,0.02168366528721754,-0.3882574526381313
-0.09617242366126738,-0.21823696806633516,-0.11423830204934245,-0.30613310955707146,-0.6436778361362707
0.15025217107634223,-0.11631562889510406,0.4968496327247379,0.5180487019407972,1.3820709106949034
-0.44520580364711615,-0.32732697449407117,0.25916395676238807,0.1075928090387396,0.7620952423782614
0.14323057193295788,-0.1618018727656048,-0.24104309488908118,0.30291735604180314,0.4380461903361006
-0.32176683183732513,0.36226888774351756,-0.5949685646121484,0.14899305866212137,-0.21940294021849574
-0.6812580619418498,-0.32435624534058094,0.2983069021740084,0.2077740840488114,0.5990063090139037
-0.2798028331540678,0.05904524471482024,0.11705798892721936,-0.21642208025385357,-0.38204127624219314
0.08867227579786512,-0.34310858199620137,-0.03189263769917822,0.014959031653880255,-0.15869897833761742
0.07246908800218042,0.0983035605272238,-0.14781894761639422,0.02989298230252783,0.057241903155874206
-0.04909053550815034,0.15822300319999003,-0.17033868209070274,-0.27315789615941766,-0.21040116087184377
-0.5115610975788721,0.07209137519001961,-0.1628234710930677,-0.49067688342656307,-0.46290825259294915
0.1494025258036968,0.2771319943256117,-0.7137591911621739,0.25074121249033343,-0.5437063017295524
-0.5248615414775832,-0.8233871018673378,0.0034093094630998797,-0.5307888714235948,-0.6422090591789522
0.5625182421999244,0.5544231583299816,-0.49644821142116874,-0.6998401811643096,-0.1360587576218903
-0.42456888705605894,0.8147206085816859,-0.5929813345225583,-0.1913726341579244,-0.22172620424722858
1.0591834654070587,0.09793618992016179,-0.5338441815718925,-0.09360835955876641,-0.23777097181192167
-0.30857806532742516,0.22424367390489677,0.4651761125087191,-0.25938798862727075,-0.40084676219122134
0.1171161222021241,0.059981365698753716,0.023346472191225796,0.1158021552665977,-0.119060984350501
0.565070167209109,-0.2797815538776769,0.17933001997112022,0.058043654807667586,0.3848252107832165
0.5155953110624674,-0.03903156239435455,-0.17233741113891388,-0.5454518804497864,0.15777399955906818
-0.20454683949056393,0.13467351002781947,-0.3520519197640085,-0.5340917999454721,-0.11493499483502172
0.14960448125770315,-0.29334056132294467,0.09927280932979242,0.1702277995192566,-0.13011604827026474
-0.23236609158327984,-0.028561329836926348,0.22826176052770886,0.26325360339077747,-0.03166313912722378
-0.20984449034903568,0.1257710071021936,0.2596577166387775,-0.22357615627491137,-0.02017771289439527
0.1970841026974558,-0.21023777608172908,-0.1775127509105026,-0.3410862926491037,0.021228305315247883
-0.3042876223954728,0.0798190091727432,-0.07891776599980908,-0.012767954736594787,-0.4238401356953487
-0.38892058316669714,-0.025305390039481724,-0.39676725796682394,0.00887108222392777,-0.545651513117031
0.19440688822249882,0.23261113993076601,0.1593422898381101,0.23856319511653656,-0.33057819550863277
-0.034400951975215664,0.11101700437335478,-0.3309918715866293,-0.28783901936807343,-0.05285094424268634
-0.19111608174374717,-0.19370305569555232,0.011830542022342624,0.02047829179590037,-0.23973561115058223
-0.18292905994978043,0.09175654792291821,0.025691506912029406,0.14039979977094222,-0.08459066970604358
-0.5314738112482899,-0.3971752611776351,-0.5625580734664737,-0.8305972654995047,-0.6485914252319394
0.6095722634504529,0.07636288640581226,-0.5338167971005476,0.4486663278526642,0.4588770888102735
0.6023824394920908,0.15358307508640523,0.7292738955218523,-0.14061790270537816,0.8222922519856551
-0.41942834732418016,-0.6251976691757556,-0.062087905732164224,0.044832704899978634,0.5593665219856597
-0.5777498613941442,-1.6617462648220083,-1.1305287215810147,-0.5330242186281394,0.24789398942291993
-0.11338101502446922,-0.3868443298689287,-0.19969283294120888,0.0771083571207428,-0.05620370212653965
-0.20278591277543428,-0.18680111338888,0.11820006554018364,-0.08818432248348836,-0.33026781414195816
-0.1681819063959565,0.01704254795708039,0.09442073660697306,-0.3208928275375437,-0.02649928108244695
-0.11504179166732496,-0.24880712212918735,0.1430834546648014,0.013117939038406789,-0.4672203130949774
-0.391559596394376,0.11075760064737612,0.03139916601425136,-0.18951130173974173,-0.22927641990049297
-0.2963634873495294,0.8514634119125755,0.12217034361088341,0.10984727077555671,-0.6386992294230578
0.05043689082539898,0.5061778483309426,-0.525625861133119,-0.3712043718649496,0.4721609385837854
-0.24210977381159018,0.11055210284587026,0.39817907131299496,0.4867208675177794,-0.5046874705788991
-0.4337721222570189,-0.11043471123221728,0.5752026368918618,0.5742827890007833,0.034754378404255847
-0.027080104301098043,-0.18977684100940925,0.27012907399677755,-0.782666354435475,0.1935263564503652
